9.178333333333333
5.913518518518519
6.286481481481482
6.450555555555556
8.167222222222222
5.560185185185185
5.548333333333333
5.0938888888888885
4.849814814814815
5.629074074074074
5.553888888888889
4.575185185185185
4.478888888888889
4.15537037037037
3.932962962962963
4.124259259259259
3.897037037037037
3.9424074074074076
4.076666666666667
3.68962962962963
3.2646296296296295
3.5568518518518517
3.5327777777777776
3.2490740740740742
3.6185185185185187
2.793148148148148
2.7803703703703704
3.0051851851851854
2.8794444444444443
2.8064814814814816
3.1527777777777777
2.6933333333333334
2.747037037037037
2.770185185185185
2.792037037037037
2.5507407407407405
2.6887037037037036
2.4357407407407408
2.4275925925925925
2.2001851851851852
