-345.6999999999996
-202.5499999999998
-214.77999999999992
-222.8799999999999
-297.07999999999964
-187.55999999999972
-184.1299999999999
-168.74999999999972
-150.39999999999984
-191.3099999999998
-185.3499999999998
-137.5799999999997
-141.67999999999972
-123.5900000000001
-116.67999999999999
-124.00999999999998
-104.57999999999991
-109.38000000000004
-125.59999999999998
-98.88000000000001
-88.81999999999996
-98.14999999999993
-96.48000000000003
-82.66000000000001
-101.33000000000004
-64.24000000000002
-59.73000000000002
-70.46999999999996
-62.64999999999999
-60.48
-78.96
-61.98000000000002
-58.30000000000001
-62.78000000000002
-61.38000000000001
-53.519999999999996
-61.12000000000003
-49.35
-48.08999999999998
-39.27000000000001
