10.283440860215054
8.56236559139785
11.1247311827957
10.539569892473118
7.931182795698925
8.56752688172043
10.319354838709678
8.621720430107526
7.1843010752688174
6.323870967741936
6.439784946236559
5.686451612903226
7.118279569892473
6.127311827956989
7.549677419354839
5.658279569892473
5.521935483870967
5.9346236559139784
4.869462365591398
5.730967741935484
5.040430107526881
5.060215053763441
5.115698924731182
4.498924731182796
5.021505376344086
5.012258064516129
4.880645161290323
4.471397849462366
4.411182795698925
4.4883870967741935
4.683655913978495
4.02258064516129
4.7595698924731185
4.239354838709677
3.915268817204301
4.16
4.275268817204301
3.807956989247312
3.609247311827957
3.840215053763441
3.836989247311828
3.636774193548387
