-304.5700000000004
-240.90999999999988
-319.5500000000005
-323.34000000000026
-217.87999999999968
-235.78999999999994
-305.3000000000004
-242.93999999999986
-188.21
-156.10999999999981
-155.0200000000001
-131.41999999999987
-183.61999999999992
-151.69000000000003
-197.27999999999986
-135.99999999999994
-122.06999999999996
-138.6799999999999
-103.57999999999998
-124.01999999999994
-111.34999999999985
-100.90999999999991
-109.94999999999996
-88.4999999999999
-102.75999999999986
-107.16
-91.63999999999996
-78.50999999999993
-83.03999999999999
-85.74999999999993
-87.41999999999999
-65.15999999999997
-91.04999999999997
-75.8299999999999
-69.28999999999996
-74.65999999999995
-75.97000000000001
-64.19000000000003
-53.230000000000004
-61.90999999999999
-66.71000000000004
-49.85999999999999
